(kicad_pcb (version 20171130) (host pcbnew "(5.1.5)-2")

  (general
    (thickness 1.6)
    (drawings 128)
    (tracks 597)
    (zones 0)
    (modules 114)
    (nets 91)
  )

  (page A)
  (title_block
    (date 2019-12-26)
    (rev A3)
    (company Simple-ee.com)
  )

  (layers
    (0 TopLayer signal)
    (1 GND signal)
    (2 POWER signal)
    (31 BottomLayer signal)
    (32 B.Adhes user)
    (33 F.Adhes user)
    (34 B.Paste user)
    (35 F.Paste user)
    (36 B.SilkS user)
    (37 F.SilkS user)
    (38 B.Mask user)
    (39 F.Mask user)
    (40 Dwgs.User user)
    (41 Cmts.User user)
    (42 Eco1.User user)
    (43 Eco2.User user)
    (44 Edge.Cuts user)
    (45 Margin user)
    (46 B.CrtYd user)
    (47 F.CrtYd user)
  )

  (setup
    (last_trace_width 1)
    (user_trace_width 0.25)
    (user_trace_width 0.3)
    (user_trace_width 0.35)
    (user_trace_width 0.4)
    (user_trace_width 0.45)
    (user_trace_width 0.5)
    (user_trace_width 0.55)
    (user_trace_width 0.6)
    (user_trace_width 0.65)
    (user_trace_width 0.7)
    (user_trace_width 0.75)
    (user_trace_width 0.8)
    (user_trace_width 0.85)
    (user_trace_width 0.9)
    (user_trace_width 0.95)
    (user_trace_width 1)
    (user_trace_width 1.2)
    (user_trace_width 1.5)
    (user_trace_width 2)
    (trace_clearance 0.2)
    (zone_clearance 0)
    (zone_45_only no)
    (trace_min 0.2)
    (via_size 0.8)
    (via_drill 0.4)
    (via_min_size 0.4)
    (via_min_drill 0.3)
    (user_via 0.8 0.4)
    (user_via 1 0.6)
    (user_via 2 1)
    (uvia_size 0.3)
    (uvia_drill 0.1)
    (uvias_allowed no)
    (uvia_min_size 0.2)
    (uvia_min_drill 0.1)
    (edge_width 0.05)
    (segment_width 0.2)
    (pcb_text_width 0.3)
    (pcb_text_size 1.5 1.5)
    (mod_edge_width 0.12)
    (mod_text_size 0.6 0.6)
    (mod_text_width 0.15)
    (pad_size 1.524 1.524)
    (pad_drill 0.762)
    (pad_to_mask_clearance 0.051)
    (solder_mask_min_width 0.25)
    (aux_axis_origin 35.2 122.9)
    (grid_origin 35.2 122.9)
    (visible_elements 7FFFFF7F)
    (pcbplotparams
      (layerselection 0x010fc_ffffffff)
      (usegerberextensions true)
      (usegerberattributes true)
      (usegerberadvancedattributes false)
      (creategerberjobfile false)
      (excludeedgelayer true)
      (linewidth 0.100000)
      (plotframeref false)
      (viasonmask false)
      (mode 1)
      (useauxorigin true)
      (hpglpennumber 1)
      (hpglpenspeed 20)
      (hpglpendiameter 15.000000)
      (psnegative false)
      (psa4output false)
      (plotreference true)
      (plotvalue true)
      (plotinvisibletext false)
      (padsonsilk false)
      (subtractmaskfromsilk false)
      (outputformat 1)
      (mirror false)
      (drillshape 0)
      (scaleselection 1)
      (outputdirectory "Gerber/20191228_A3/"))
  )

  (net 0 "")
  (net 1 /DTR)
  (net 2 "Net-(C101-Pad1)")
  (net 3 +5V)
  (net 4 GND)
  (net 5 GNDD)
  (net 6 +5VD)
  (net 7 /InputConnectors/VIN)
  (net 8 GNDPWR)
  (net 9 VCC)
  (net 10 "Net-(L201-Pad2)")
  (net 11 "Net-(P201-Pad1)")
  (net 12 "Net-(P202-Pad1)")
  (net 13 "Net-(P203-Pad1)")
  (net 14 "Net-(P204-Pad1)")
  (net 15 "Net-(P206-Pad1)")
  (net 16 "Net-(P208-Pad1)")
  (net 17 "Net-(P301-Pad1)")
  (net 18 "Net-(P302-Pad1)")
  (net 19 "Net-(P303-Pad1)")
  (net 20 "Net-(P304-Pad1)")
  (net 21 "Net-(P305-Pad1)")
  (net 22 /TX)
  (net 23 /RX)
  (net 24 /StepperDrive/STEPPER_ENO)
  (net 25 /StepperDrive/MDIRO)
  (net 26 /StepperDrive/MSTEPO)
  (net 27 /StepperDrive/XDIRO)
  (net 28 /StepperDrive/XSTEPO)
  (net 29 /StepperDrive/YDIRO)
  (net 30 /StepperDrive/YSTEPO)
  (net 31 /StepperDrive/ZSTEPO)
  (net 32 /StepperDrive/ZDIRO)
  (net 33 "Net-(P505-Pad1)")
  (net 34 "Net-(P506-Pad1)")
  (net 35 "Net-(P507-Pad5)")
  (net 36 "Net-(P507-Pad3)")
  (net 37 /StepperDrive/XMS1)
  (net 38 /StepperDrive/YMS1)
  (net 39 "Net-(P508-Pad3)")
  (net 40 "Net-(P508-Pad5)")
  (net 41 "Net-(P509-Pad5)")
  (net 42 "Net-(P509-Pad3)")
  (net 43 /StepperDrive/ZMS1)
  (net 44 /StepperDrive/MMS1)
  (net 45 "Net-(P510-Pad3)")
  (net 46 "Net-(P510-Pad5)")
  (net 47 /StepperDrive/X_1B)
  (net 48 /StepperDrive/X_1A)
  (net 49 /StepperDrive/X_2A)
  (net 50 /StepperDrive/X_2B)
  (net 51 /StepperDrive/Y_2B)
  (net 52 /StepperDrive/Y_2A)
  (net 53 /StepperDrive/Y_1A)
  (net 54 /StepperDrive/Y_1B)
  (net 55 /StepperDrive/Z_2B)
  (net 56 /StepperDrive/Z_2A)
  (net 57 /StepperDrive/Z_1A)
  (net 58 /StepperDrive/Z_1B)
  (net 59 /StepperDrive/M_2B)
  (net 60 /StepperDrive/M_2A)
  (net 61 /StepperDrive/M_1A)
  (net 62 /StepperDrive/M_1B)
  (net 63 "Net-(Q201-Pad1)")
  (net 64 /XLIMIT)
  (net 65 "Net-(Q202-Pad1)")
  (net 66 /YLIMIT)
  (net 67 /ZLIMIT)
  (net 68 "Net-(Q203-Pad1)")
  (net 69 /PROBE)
  (net 70 /HOLD)
  (net 71 /RESUME)
  (net 72 /ABORT)
  (net 73 /COOLANT)
  (net 74 /XSTEP)
  (net 75 /YSTEP)
  (net 76 /ZSTEP)
  (net 77 /STEPPER_EN)
  (net 78 /XDIR)
  (net 79 /YDIR)
  (net 80 /ZDIR)
  (net 81 "Net-(P516-Pad2)")
  (net 82 "Net-(P516-Pad1)")
  (net 83 "Net-(P517-Pad2)")
  (net 84 "Net-(P517-Pad1)")
  (net 85 "Net-(P518-Pad1)")
  (net 86 "Net-(P518-Pad2)")
  (net 87 "Net-(P519-Pad1)")
  (net 88 "Net-(P519-Pad2)")
  (net 89 /PWM_EN)
  (net 90 /XTAL1)

  (net_class Default "This is the default net class."
    (clearance 0.2)
    (trace_width 0.25)
    (via_dia 0.8)
    (via_drill 0.4)
    (uvia_dia 0.3)
    (uvia_drill 0.1)
    (add_net +5V)
    (add_net +5VD)
    (add_net /ABORT)
    (add_net /COOLANT)
    (add_net /DTR)
    (add_net /HOLD)
    (add_net /InputConnectors/VIN)
    (add_net /PROBE)
    (add_net /PWM_EN)
    (add_net /RESUME)
    (add_net /RX)
    (add_net /STEPPER_EN)
    (add_net /StepperDrive/MDIRO)
    (add_net /StepperDrive/MMS1)
    (add_net /StepperDrive/MSTEPO)
    (add_net /StepperDrive/M_1A)
    (add_net /StepperDrive/M_1B)
    (add_net /StepperDrive/M_2A)
    (add_net /StepperDrive/M_2B)
    (add_net /StepperDrive/STEPPER_ENO)
    (add_net /StepperDrive/XDIRO)
    (add_net /StepperDrive/XMS1)
    (add_net /StepperDrive/XSTEPO)
    (add_net /StepperDrive/X_1A)
    (add_net /StepperDrive/X_1B)
    (add_net /StepperDrive/X_2A)
    (add_net /StepperDrive/X_2B)
    (add_net /StepperDrive/YDIRO)
    (add_net /StepperDrive/YMS1)
    (add_net /StepperDrive/YSTEPO)
    (add_net /StepperDrive/Y_1A)
    (add_net /StepperDrive/Y_1B)
    (add_net /StepperDrive/Y_2A)
    (add_net /StepperDrive/Y_2B)
    (add_net /StepperDrive/ZDIRO)
    (add_net /StepperDrive/ZMS1)
    (add_net /StepperDrive/ZSTEPO)
    (add_net /StepperDrive/Z_1A)
    (add_net /StepperDrive/Z_1B)
    (add_net /StepperDrive/Z_2A)
    (add_net /StepperDrive/Z_2B)
    (add_net /TX)
    (add_net /XDIR)
    (add_net /XLIMIT)
    (add_net /XSTEP)
    (add_net /XTAL1)
    (add_net /YDIR)
    (add_net /YLIMIT)
    (add_net /YSTEP)
    (add_net /ZDIR)
    (add_net /ZLIMIT)
    (add_net /ZSTEP)
    (add_net GND)
    (add_net GNDD)
    (add_net GNDPWR)
    (add_net "Net-(C101-Pad1)")
    (add_net "Net-(L201-Pad2)")
    (add_net "Net-(P201-Pad1)")
    (add_net "Net-(P202-Pad1)")
    (add_net "Net-(P203-Pad1)")
    (add_net "Net-(P204-Pad1)")
    (add_net "Net-(P206-Pad1)")
    (add_net "Net-(P208-Pad1)")
    (add_net "Net-(P301-Pad1)")
    (add_net "Net-(P302-Pad1)")
    (add_net "Net-(P303-Pad1)")
    (add_net "Net-(P304-Pad1)")
    (add_net "Net-(P305-Pad1)")
    (add_net "Net-(P505-Pad1)")
    (add_net "Net-(P506-Pad1)")
    (add_net "Net-(P507-Pad3)")
    (add_net "Net-(P507-Pad5)")
    (add_net "Net-(P508-Pad3)")
    (add_net "Net-(P508-Pad5)")
    (add_net "Net-(P509-Pad3)")
    (add_net "Net-(P509-Pad5)")
    (add_net "Net-(P510-Pad3)")
    (add_net "Net-(P510-Pad5)")
    (add_net "Net-(P516-Pad1)")
    (add_net "Net-(P516-Pad2)")
    (add_net "Net-(P517-Pad1)")
    (add_net "Net-(P517-Pad2)")
    (add_net "Net-(P518-Pad1)")
    (add_net "Net-(P518-Pad2)")
    (add_net "Net-(P519-Pad1)")
    (add_net "Net-(P519-Pad2)")
    (add_net "Net-(Q201-Pad1)")
    (add_net "Net-(Q202-Pad1)")
    (add_net "Net-(Q203-Pad1)")
    (add_net VCC)
  )

  (module Headers:M20 (layer TopLayer) (tedit 5A6E0EA1) (tstamp 5E052E70)
    (at 36.4 91 270)
    (path /5F85867B/5F8593AD)
    (fp_text reference P401 (at 8.4 -6.8 180) (layer F.SilkS) hide
      (effects (font (size 0.6 0.6) (thickness 0.15)))
    )
    (fp_text value M20-7910642R (at -6.35 -12.065 90) (layer F.Fab)
      (effects (font (size 1 1) (thickness 0.15)))
    )
    (fp_line (start 4.445 -0.635) (end 5.715 -0.635) (layer F.SilkS) (width 0.12))
    (fp_line (start 1.905 -0.635) (end 3.175 -0.635) (layer F.SilkS) (width 0.12))
    (fp_line (start -0.635 -0.635) (end 0.635 -0.635) (layer F.SilkS) (width 0.12))
    (fp_line (start -3.175 -0.635) (end -1.905 -0.635) (layer F.SilkS) (width 0.12))
    (fp_line (start -5.715 -0.635) (end -4.445 -0.635) (layer F.SilkS) (width 0.12))
    (fp_line (start -7.62 -0.635) (end -6.985 -0.635) (layer F.SilkS) (width 0.12))
    (fp_line (start 7.62 -0.635) (end 6.985 -0.635) (layer F.SilkS) (width 0.12))
    (fp_line (start 7.62 -11.43) (end 7.62 -0.635) (layer F.SilkS) (width 0.12))
    (fp_line (start -7.62 -11.43) (end 7.62 -11.43) (layer F.SilkS) (width 0.12))
    (fp_line (start -7.62 -0.635) (end -7.62 -11.43) (layer F.SilkS) (width 0.12))
    (pad 1 smd rect (at -6.35 0 270) (size 1 2) (layers TopLayer F.Paste F.Mask)
      (net 1 /DTR))
    (pad 2 smd rect (at -3.81 0 270) (size 1 2) (layers TopLayer F.Paste F.Mask)
      (net 22 /TX))
    (pad 3 smd rect (at -1.27 0 270) (size 1 2) (layers TopLayer F.Paste F.Mask)
      (net 23 /RX))
    (pad 4 smd rect (at 1.27 0 270) (size 1 2) (layers TopLayer F.Paste F.Mask)
      (net 7 /InputConnectors/VIN))
    (pad 5 smd rect (at 3.81 0 270) (size 1 2) (layers TopLayer F.Paste F.Mask))
    (pad 6 smd rect (at 6.35 0 270) (size 1 2) (layers TopLayer F.Paste F.Mask)
      (net 4 GND))
    (model Connectors.3dshapes/M20-79X_CONTACT005_sp.wrl
      (at (xyz 0 0 0))
      (scale (xyz 1 1 1))
      (rotate (xyz 0 0 0))
    )
  )

  (module Connectors_sg:2-1971798 (layer TopLayer) (tedit 5E051165) (tstamp 5E052E2C)
    (at 68.5 117.5 90)
    (path /5F79C9D1/5FE7DFA5)
    (fp_text reference P301 (at 3.6 -2 180) (layer F.SilkS)
      (effects (font (size 0.6 0.6) (thickness 0.15)))
    )
    (fp_text value 2-1971798-4 (at -1 -4.5 90) (layer F.Fab)
      (effects (font (size 1 1) (thickness 0.15)))
    )
    (fp_line (start 3 -3.5) (end -5 -3.5) (layer F.SilkS) (width 0.12))
    (fp_line (start 3 -3) (end 3 -3.5) (layer F.SilkS) (width 0.12))
    (fp_line (start 3 4.5) (end 3 -3) (layer F.SilkS) (width 0.12))
    (fp_line (start -5 4.5) (end 3 4.5) (layer F.SilkS) (width 0.12))
    (fp_line (start -5 -3.5) (end -5 4.5) (layer F.SilkS) (width 0.12))
    (pad "" np_thru_hole circle (at 1.6 -1.6 90) (size 1.3 1.3) (drill 1.3) (layers *.Cu *.Mask))
    (pad 2 thru_hole circle (at -2.5 0 90) (size 1.75 1.75) (drill 0.9) (layers *.Cu *.Mask)
      (net 4 GND))
    (pad 1 thru_hole circle (at 0 0 90) (size 1.75 1.75) (drill 0.9) (layers *.Cu *.Mask)
      (net 17 "Net-(P301-Pad1)"))
    (model ${SGLIBRARY}/3D/2-1971798-2.wrl
      (offset (xyz -5 0 0))
      (scale (xyz 1 1 1))
      (rotate (xyz 0 0 0))
    )
  )

  (module Connectors_sg:2-1971798 (layer TopLayer) (tedit 5E051165) (tstamp 5E0584A7)
    (at 39.8 117.5 90)
    (path /5F79C9D1/5FE7ED84)
    (fp_text reference P302 (at 3.5 -2.4 180) (layer F.SilkS)
      (effects (font (size 0.6 0.6) (thickness 0.15)))
    )
    (fp_text value 2-1971798-4 (at -1 -4.5 90) (layer F.Fab)
      (effects (font (size 1 1) (thickness 0.15)))
    )
    (fp_line (start 3 -3.5) (end -5 -3.5) (layer F.SilkS) (width 0.12))
    (fp_line (start 3 -3) (end 3 -3.5) (layer F.SilkS) (width 0.12))
    (fp_line (start 3 4.5) (end 3 -3) (layer F.SilkS) (width 0.12))
    (fp_line (start -5 4.5) (end 3 4.5) (layer F.SilkS) (width 0.12))
    (fp_line (start -5 -3.5) (end -5 4.5) (layer F.SilkS) (width 0.12))
    (pad "" np_thru_hole circle (at 1.6 -1.6 90) (size 1.3 1.3) (drill 1.3) (layers *.Cu *.Mask))
    (pad 2 thru_hole circle (at -2.5 0 90) (size 1.75 1.75) (drill 0.9) (layers *.Cu *.Mask)
      (net 4 GND))
    (pad 1 thru_hole circle (at 0 0 90) (size 1.75 1.75) (drill 0.9) (layers *.Cu *.Mask)
      (net 18 "Net-(P302-Pad1)"))
    (model ${SGLIBRARY}/3D/2-1971798-2.wrl
      (offset (xyz -5 0 0))
      (scale (xyz 1 1 1))
      (rotate (xyz 0 0 0))
    )
  )

  (module Connectors_sg:2-1971798 (layer TopLayer) (tedit 5E051165) (tstamp 5E052E44)
    (at 49.4 117.5 90)
    (path /5F79C9D1/5FE7F3A6)
    (fp_text reference P303 (at 3.5 -2.4 180) (layer F.SilkS)
      (effects (font (size 0.6 0.6) (thickness 0.15)))
    )
    (fp_text value 2-1971798-4 (at -1 -4.5 90) (layer F.Fab)
      (effects (font (size 1 1) (thickness 0.15)))
    )
    (fp_line (start 3 -3.5) (end -5 -3.5) (layer F.SilkS) (width 0.12))
    (fp_line (start 3 -3) (end 3 -3.5) (layer F.SilkS) (width 0.12))
    (fp_line (start 3 4.5) (end 3 -3) (layer F.SilkS) (width 0.12))
    (fp_line (start -5 4.5) (end 3 4.5) (layer F.SilkS) (width 0.12))
    (fp_line (start -5 -3.5) (end -5 4.5) (layer F.SilkS) (width 0.12))
    (pad "" np_thru_hole circle (at 1.6 -1.6 90) (size 1.3 1.3) (drill 1.3) (layers *.Cu *.Mask))
    (pad 2 thru_hole circle (at -2.5 0 90) (size 1.75 1.75) (drill 0.9) (layers *.Cu *.Mask)
      (net 4 GND))
    (pad 1 thru_hole circle (at 0 0 90) (size 1.75 1.75) (drill 0.9) (layers *.Cu *.Mask)
      (net 19 "Net-(P303-Pad1)"))
    (model ${SGLIBRARY}/3D/2-1971798-2.wrl
      (offset (xyz -5 0 0))
      (scale (xyz 1 1 1))
      (rotate (xyz 0 0 0))
    )
  )

  (module Connectors_sg:2-1971798 (layer TopLayer) (tedit 5E051165) (tstamp 5E052E50)
    (at 39.8 108.4 90)
    (path /5F79C9D1/5FE7F772)
    (fp_text reference P304 (at 3.6 -2.4 180) (layer F.SilkS)
      (effects (font (size 0.6 0.6) (thickness 0.15)))
    )
    (fp_text value 2-1971798-4 (at -1 -4.5 90) (layer F.Fab)
      (effects (font (size 1 1) (thickness 0.15)))
    )
    (fp_line (start 3 -3.5) (end -5 -3.5) (layer F.SilkS) (width 0.12))
    (fp_line (start 3 -3) (end 3 -3.5) (layer F.SilkS) (width 0.12))
    (fp_line (start 3 4.5) (end 3 -3) (layer F.SilkS) (width 0.12))
    (fp_line (start -5 4.5) (end 3 4.5) (layer F.SilkS) (width 0.12))
    (fp_line (start -5 -3.5) (end -5 4.5) (layer F.SilkS) (width 0.12))
    (pad "" np_thru_hole circle (at 1.6 -1.6 90) (size 1.3 1.3) (drill 1.3) (layers *.Cu *.Mask))
    (pad 2 thru_hole circle (at -2.5 0 90) (size 1.75 1.75) (drill 0.9) (layers *.Cu *.Mask)
      (net 4 GND))
    (pad 1 thru_hole circle (at 0 0 90) (size 1.75 1.75) (drill 0.9) (layers *.Cu *.Mask)
      (net 20 "Net-(P304-Pad1)"))
    (model ${SGLIBRARY}/3D/2-1971798-2.wrl
      (offset (xyz -5 0 0))
      (scale (xyz 1 1 1))
      (rotate (xyz 0 0 0))
    )
  )

  (module Connectors_sg:2-1971798 (layer TopLayer) (tedit 5E051165) (tstamp 5E052E5C)
    (at 59 117.5 90)
    (path /5F79C9D1/5FE7FAD4)
    (fp_text reference P305 (at 3.6 0 180) (layer F.SilkS)
      (effects (font (size 0.6 0.6) (thickness 0.15)))
    )
    (fp_text value 2-1971798-4 (at -1 -4.5 90) (layer F.Fab)
      (effects (font (size 1 1) (thickness 0.15)))
    )
    (fp_line (start 3 -3.5) (end -5 -3.5) (layer F.SilkS) (width 0.12))
    (fp_line (start 3 -3) (end 3 -3.5) (layer F.SilkS) (width 0.12))
    (fp_line (start 3 4.5) (end 3 -3) (layer F.SilkS) (width 0.12))
    (fp_line (start -5 4.5) (end 3 4.5) (layer F.SilkS) (width 0.12))
    (fp_line (start -5 -3.5) (end -5 4.5) (layer F.SilkS) (width 0.12))
    (pad "" np_thru_hole circle (at 1.6 -1.6 90) (size 1.3 1.3) (drill 1.3) (layers *.Cu *.Mask))
    (pad 2 thru_hole circle (at -2.5 0 90) (size 1.75 1.75) (drill 0.9) (layers *.Cu *.Mask)
      (net 4 GND))
    (pad 1 thru_hole circle (at 0 0 90) (size 1.75 1.75) (drill 0.9) (layers *.Cu *.Mask)
      (net 21 "Net-(P305-Pad1)"))
    (model ${SGLIBRARY}/3D/2-1971798-2.wrl
      (offset (xyz -5 0 0))
      (scale (xyz 1 1 1))
      (rotate (xyz 0 0 0))
    )
  )

  (module Connectors_sg:2-1971798 (layer TopLayer) (tedit 5E051140) (tstamp 5E052DE4)
    (at 73.8 65.4 180)
    (path /5F71532E/5FE73A11)
    (fp_text reference P204 (at 3.8 2.6 90) (layer F.SilkS)
      (effects (font (size 0.6 0.6) (thickness 0.15)))
    )
    (fp_text value 2-1971798-2 (at -1 -4.5) (layer F.Fab)
      (effects (font (size 1 1) (thickness 0.15)))
    )
    (fp_line (start 3 -3.5) (end -5 -3.5) (layer F.SilkS) (width 0.12))
    (fp_line (start 3 -3) (end 3 -3.5) (layer F.SilkS) (width 0.12))
    (fp_line (start 3 4.5) (end 3 -3) (layer F.SilkS) (width 0.12))
    (fp_line (start -5 4.5) (end 3 4.5) (layer F.SilkS) (width 0.12))
    (fp_line (start -5 -3.5) (end -5 4.5) (layer F.SilkS) (width 0.12))
    (pad "" np_thru_hole circle (at 1.6 -1.6 180) (size 1.3 1.3) (drill 1.3) (layers *.Cu *.Mask))
    (pad 2 thru_hole circle (at -2.5 0 180) (size 1.75 1.75) (drill 0.9) (layers *.Cu *.Mask)
      (net 11 "Net-(P201-Pad1)"))
    (pad 1 thru_hole circle (at 0 0 180) (size 1.75 1.75) (drill 0.9) (layers *.Cu *.Mask)
      (net 14 "Net-(P204-Pad1)"))
    (model ${SGLIBRARY}/3D/2-1971798-2.wrl
      (offset (xyz -5 0 0))
      (scale (xyz 1 1 1))
      (rotate (xyz 0 0 0))
    )
  )

  (module Connectors_sg:2-1971798 (layer TopLayer) (tedit 5E051140) (tstamp 5E052DF0)
    (at 73.8 57.2 180)
    (path /5F71532E/5FE74F86)
    (fp_text reference P205 (at 3.6 3 90) (layer F.SilkS)
      (effects (font (size 0.6 0.6) (thickness 0.15)))
    )
    (fp_text value 2-1971798-2 (at -1 -4.5) (layer F.Fab)
      (effects (font (size 1 1) (thickness 0.15)))
    )
    (fp_line (start 3 -3.5) (end -5 -3.5) (layer F.SilkS) (width 0.12))
    (fp_line (start 3 -3) (end 3 -3.5) (layer F.SilkS) (width 0.12))
    (fp_line (start 3 4.5) (end 3 -3) (layer F.SilkS) (width 0.12))
    (fp_line (start -5 4.5) (end 3 4.5) (layer F.SilkS) (width 0.12))
    (fp_line (start -5 -3.5) (end -5 4.5) (layer F.SilkS) (width 0.12))
    (pad "" np_thru_hole circle (at 1.6 -1.6 180) (size 1.3 1.3) (drill 1.3) (layers *.Cu *.Mask))
    (pad 2 thru_hole circle (at -2.5 0 180) (size 1.75 1.75) (drill 0.9) (layers *.Cu *.Mask)
      (net 5 GNDD))
    (pad 1 thru_hole circle (at 0 0 180) (size 1.75 1.75) (drill 0.9) (layers *.Cu *.Mask)
      (net 11 "Net-(P201-Pad1)"))
    (model ${SGLIBRARY}/3D/2-1971798-2.wrl
      (offset (xyz -5 0 0))
      (scale (xyz 1 1 1))
      (rotate (xyz 0 0 0))
    )
  )

  (module Connectors_sg:2-1971798 (layer TopLayer) (tedit 5E051140) (tstamp 5E055C4D)
    (at 63 65.4 180)
    (path /5F71532E/5FE75DC0)
    (fp_text reference P206 (at 3.6 2.6 90) (layer F.SilkS)
      (effects (font (size 0.6 0.6) (thickness 0.15)))
    )
    (fp_text value 2-1971798-2 (at -1 -4.5) (layer F.Fab)
      (effects (font (size 1 1) (thickness 0.15)))
    )
    (fp_line (start 3 -3.5) (end -5 -3.5) (layer F.SilkS) (width 0.12))
    (fp_line (start 3 -3) (end 3 -3.5) (layer F.SilkS) (width 0.12))
    (fp_line (start 3 4.5) (end 3 -3) (layer F.SilkS) (width 0.12))
    (fp_line (start -5 4.5) (end 3 4.5) (layer F.SilkS) (width 0.12))
    (fp_line (start -5 -3.5) (end -5 4.5) (layer F.SilkS) (width 0.12))
    (pad "" np_thru_hole circle (at 1.6 -1.6 180) (size 1.3 1.3) (drill 1.3) (layers *.Cu *.Mask))
    (pad 2 thru_hole circle (at -2.5 0 180) (size 1.75 1.75) (drill 0.9) (layers *.Cu *.Mask)
      (net 12 "Net-(P202-Pad1)"))
    (pad 1 thru_hole circle (at 0 0 180) (size 1.75 1.75) (drill 0.9) (layers *.Cu *.Mask)
      (net 15 "Net-(P206-Pad1)"))
    (model ${SGLIBRARY}/3D/2-1971798-2.wrl
      (offset (xyz -5 0 0))
      (scale (xyz 1 1 1))
      (rotate (xyz 0 0 0))
    )
  )

  (module Connectors_sg:2-1971798 (layer TopLayer) (tedit 5E051140) (tstamp 5E052E08)
    (at 63 57.2 180)
    (path /5F71532E/5FE76990)
    (fp_text reference P207 (at 3.6 3 90) (layer F.SilkS)
      (effects (font (size 0.6 0.6) (thickness 0.15)))
    )
    (fp_text value 2-1971798-2 (at -1 -4.5) (layer F.Fab)
      (effects (font (size 1 1) (thickness 0.15)))
    )
    (fp_line (start 3 -3.5) (end -5 -3.5) (layer F.SilkS) (width 0.12))
    (fp_line (start 3 -3) (end 3 -3.5) (layer F.SilkS) (width 0.12))
    (fp_line (start 3 4.5) (end 3 -3) (layer F.SilkS) (width 0.12))
    (fp_line (start -5 4.5) (end 3 4.5) (layer F.SilkS) (width 0.12))
    (fp_line (start -5 -3.5) (end -5 4.5) (layer F.SilkS) (width 0.12))
    (pad "" np_thru_hole circle (at 1.6 -1.6 180) (size 1.3 1.3) (drill 1.3) (layers *.Cu *.Mask))
    (pad 2 thru_hole circle (at -2.5 0 180) (size 1.75 1.75) (drill 0.9) (layers *.Cu *.Mask)
      (net 5 GNDD))
    (pad 1 thru_hole circle (at 0 0 180) (size 1.75 1.75) (drill 0.9) (layers *.Cu *.Mask)
      (net 12 "Net-(P202-Pad1)"))
    (model ${SGLIBRARY}/3D/2-1971798-2.wrl
      (offset (xyz -5 0 0))
      (scale (xyz 1 1 1))
      (rotate (xyz 0 0 0))
    )
  )

  (module Connectors_sg:2-1971798 (layer TopLayer) (tedit 5E051140) (tstamp 5E052E14)
    (at 52.2 65.4 180)
    (path /5F71532E/5FE776BD)
    (fp_text reference P208 (at 3.6 0.6 90) (layer F.SilkS)
      (effects (font (size 0.6 0.6) (thickness 0.15)))
    )
    (fp_text value 2-1971798-2 (at -1 -4.5) (layer F.Fab)
      (effects (font (size 1 1) (thickness 0.15)))
    )
    (fp_line (start 3 -3.5) (end -5 -3.5) (layer F.SilkS) (width 0.12))
    (fp_line (start 3 -3) (end 3 -3.5) (layer F.SilkS) (width 0.12))
    (fp_line (start 3 4.5) (end 3 -3) (layer F.SilkS) (width 0.12))
    (fp_line (start -5 4.5) (end 3 4.5) (layer F.SilkS) (width 0.12))
    (fp_line (start -5 -3.5) (end -5 4.5) (layer F.SilkS) (width 0.12))
    (pad "" np_thru_hole circle (at 1.6 -1.6 180) (size 1.3 1.3) (drill 1.3) (layers *.Cu *.Mask))
    (pad 2 thru_hole circle (at -2.5 0 180) (size 1.75 1.75) (drill 0.9) (layers *.Cu *.Mask)
      (net 13 "Net-(P203-Pad1)"))
    (pad 1 thru_hole circle (at 0 0 180) (size 1.75 1.75) (drill 0.9) (layers *.Cu *.Mask)
      (net 16 "Net-(P208-Pad1)"))
    (model ${SGLIBRARY}/3D/2-1971798-2.wrl
      (offset (xyz -5 0 0))
      (scale (xyz 1 1 1))
      (rotate (xyz 0 0 0))
    )
  )

  (module Connectors_sg:2-1971798 (layer TopLayer) (tedit 5E051140) (tstamp 5E052E20)
    (at 52.2 57.2 180)
    (path /5F71532E/5FE77F9C)
    (fp_text reference P209 (at 3.6 3 90) (layer F.SilkS)
      (effects (font (size 0.6 0.6) (thickness 0.15)))
    )
    (fp_text value 2-1971798-2 (at -1 -4.5) (layer F.Fab)
      (effects (font (size 1 1) (thickness 0.15)))
    )
    (fp_line (start 3 -3.5) (end -5 -3.5) (layer F.SilkS) (width 0.12))
    (fp_line (start 3 -3) (end 3 -3.5) (layer F.SilkS) (width 0.12))
    (fp_line (start 3 4.5) (end 3 -3) (layer F.SilkS) (width 0.12))
    (fp_line (start -5 4.5) (end 3 4.5) (layer F.SilkS) (width 0.12))
    (fp_line (start -5 -3.5) (end -5 4.5) (layer F.SilkS) (width 0.12))
    (pad "" np_thru_hole circle (at 1.6 -1.6 180) (size 1.3 1.3) (drill 1.3) (layers *.Cu *.Mask))
    (pad 2 thru_hole circle (at -2.5 0 180) (size 1.75 1.75) (drill 0.9) (layers *.Cu *.Mask)
      (net 5 GNDD))
    (pad 1 thru_hole circle (at 0 0 180) (size 1.75 1.75) (drill 0.9) (layers *.Cu *.Mask)
      (net 13 "Net-(P203-Pad1)"))
    (model ${SGLIBRARY}/3D/2-1971798-2.wrl
      (offset (xyz -5 0 0))
      (scale (xyz 1 1 1))
      (rotate (xyz 0 0 0))
    )
  )

  (module Passives:C_0603_Handsolder (layer BottomLayer) (tedit 5B301BBE) (tstamp 5E052994)
    (at 38.975 84.6 180)
    (descr "Capacitor SMD 0603 (1608 Metric), square (rectangular) end terminal, IPC_7351 nominal with elongated pad for handsoldering. (Body size source: http://www.tortai-tech.com/upload/download/2011102023233369053.pdf), generated with kicad-footprint-generator")
    (tags "capacitor handsolder")
    (path /5F6B067F)
    (attr smd)
    (fp_text reference C101 (at 0 1.43) (layer B.SilkS)
      (effects (font (size 0.6 0.6) (thickness 0.15)) (justify mirror))
    )
    (fp_text value C0603C104K5RACAUTO (at 0 -1.43) (layer B.Fab)
      (effects (font (size 1 1) (thickness 0.15)) (justify mirror))
    )
    (fp_text user %R (at 0 0) (layer B.Fab)
      (effects (font (size 1 1) (thickness 0.15)) (justify mirror))
    )
    (fp_line (start 1.65 -0.73) (end -1.65 -0.73) (layer B.CrtYd) (width 0.05))
    (fp_line (start 1.65 0.73) (end 1.65 -0.73) (layer B.CrtYd) (width 0.05))
    (fp_line (start -1.65 0.73) (end 1.65 0.73) (layer B.CrtYd) (width 0.05))
    (fp_line (start -1.65 -0.73) (end -1.65 0.73) (layer B.CrtYd) (width 0.05))
    (fp_line (start -0.171267 -0.51) (end 0.171267 -0.51) (layer B.SilkS) (width 0.12))
    (fp_line (start -0.171267 0.51) (end 0.171267 0.51) (layer B.SilkS) (width 0.12))
    (fp_line (start 0.8 -0.4) (end -0.8 -0.4) (layer B.Fab) (width 0.15))
    (fp_line (start 0.8 0.4) (end 0.8 -0.4) (layer B.Fab) (width 0.15))
    (fp_line (start -0.8 0.4) (end 0.8 0.4) (layer B.Fab) (width 0.15))
    (fp_line (start -0.8 -0.4) (end -0.8 0.4) (layer B.Fab) (width 0.15))
    (pad 2 smd roundrect (at 0.875 0 180) (size 1.05 0.95) (layers BottomLayer B.Paste B.Mask) (roundrect_rratio 0.25)
      (net 1 /DTR))
    (pad 1 smd roundrect (at -0.875 0 180) (size 1.05 0.95) (layers BottomLayer B.Paste B.Mask) (roundrect_rratio 0.25)
      (net 2 "Net-(C101-Pad1)"))
    (model ${KISYS3DMOD}/Capacitor_SMD.3dshapes/C_0603_1608Metric.wrl
      (at (xyz 0 0 0))
      (scale (xyz 1 1 1))
      (rotate (xyz 0 0 0))
    )
  )

  (module Passives:C_0603_Handsolder (layer TopLayer) (tedit 5B301BBE) (tstamp 5E0529A5)
    (at 45.8 72.6 90)
    (descr "Capacitor SMD 0603 (1608 Metric), square (rectangular) end terminal, IPC_7351 nominal with elongated pad for handsoldering. (Body size source: http://www.tortai-tech.com/upload/download/2011102023233369053.pdf), generated with kicad-footprint-generator")
    (tags "capacitor handsolder")
    (path /5F71532E/5F719134)
    (attr smd)
    (fp_text reference C201 (at 0 1.25 90) (layer F.SilkS)
      (effects (font (size 0.6 0.6) (thickness 0.15)))
    )
    (fp_text value ZRB18AR61E106ME01L (at 0 1.43 90) (layer F.Fab)
      (effects (font (size 1 1) (thickness 0.15)))
    )
    (fp_line (start -0.8 0.4) (end -0.8 -0.4) (layer F.Fab) (width 0.15))
    (fp_line (start -0.8 -0.4) (end 0.8 -0.4) (layer F.Fab) (width 0.15))
    (fp_line (start 0.8 -0.4) (end 0.8 0.4) (layer F.Fab) (width 0.15))
    (fp_line (start 0.8 0.4) (end -0.8 0.4) (layer F.Fab) (width 0.15))
    (fp_line (start -0.171267 -0.51) (end 0.171267 -0.51) (layer F.SilkS) (width 0.12))
    (fp_line (start -0.171267 0.51) (end 0.171267 0.51) (layer F.SilkS) (width 0.12))
    (fp_line (start -1.65 0.73) (end -1.65 -0.73) (layer F.CrtYd) (width 0.05))
    (fp_line (start -1.65 -0.73) (end 1.65 -0.73) (layer F.CrtYd) (width 0.05))
    (fp_line (start 1.65 -0.73) (end 1.65 0.73) (layer F.CrtYd) (width 0.05))
    (fp_line (start 1.65 0.73) (end -1.65 0.73) (layer F.CrtYd) (width 0.05))
    (fp_text user %R (at 0 0 90) (layer F.Fab)
      (effects (font (size 1 1) (thickness 0.15)))
    )
    (pad 1 smd roundrect (at -0.875 0 90) (size 1.05 0.95) (layers TopLayer F.Paste F.Mask) (roundrect_rratio 0.25)
      (net 3 +5V))
    (pad 2 smd roundrect (at 0.875 0 90) (size 1.05 0.95) (layers TopLayer F.Paste F.Mask) (roundrect_rratio 0.25)
      (net 4 GND))
    (model ${KISYS3DMOD}/Capacitor_SMD.3dshapes/C_0603_1608Metric.wrl
      (at (xyz 0 0 0))
      (scale (xyz 1 1 1))
      (rotate (xyz 0 0 0))
    )
  )

  (module Passives:C_0603_Handsolder (layer BottomLayer) (tedit 5B301BBE) (tstamp 5E0529B6)
    (at 40 57.8)
    (descr "Capacitor SMD 0603 (1608 Metric), square (rectangular) end terminal, IPC_7351 nominal with elongated pad for handsoldering. (Body size source: http://www.tortai-tech.com/upload/download/2011102023233369053.pdf), generated with kicad-footprint-generator")
    (tags "capacitor handsolder")
    (path /5F71532E/5F71AE5D)
    (attr smd)
    (fp_text reference C202 (at 0 1.3) (layer B.SilkS)
      (effects (font (size 0.6 0.6) (thickness 0.15)) (justify mirror))
    )
    (fp_text value C0603C104K5RACAUTO (at 0 -1.43) (layer B.Fab)
      (effects (font (size 1 1) (thickness 0.15)) (justify mirror))
    )
    (fp_text user %R (at 0 0) (layer B.Fab)
      (effects (font (size 1 1) (thickness 0.15)) (justify mirror))
    )
    (fp_line (start 1.65 -0.73) (end -1.65 -0.73) (layer B.CrtYd) (width 0.05))
    (fp_line (start 1.65 0.73) (end 1.65 -0.73) (layer B.CrtYd) (width 0.05))
    (fp_line (start -1.65 0.73) (end 1.65 0.73) (layer B.CrtYd) (width 0.05))
    (fp_line (start -1.65 -0.73) (end -1.65 0.73) (layer B.CrtYd) (width 0.05))
    (fp_line (start -0.171267 -0.51) (end 0.171267 -0.51) (layer B.SilkS) (width 0.12))
    (fp_line (start -0.171267 0.51) (end 0.171267 0.51) (layer B.SilkS) (width 0.12))
    (fp_line (start 0.8 -0.4) (end -0.8 -0.4) (layer B.Fab) (width 0.15))
    (fp_line (start 0.8 0.4) (end 0.8 -0.4) (layer B.Fab) (width 0.15))
    (fp_line (start -0.8 0.4) (end 0.8 0.4) (layer B.Fab) (width 0.15))
    (fp_line (start -0.8 -0.4) (end -0.8 0.4) (layer B.Fab) (width 0.15))
    (pad 2 smd roundrect (at 0.875 0) (size 1.05 0.95) (layers BottomLayer B.Paste B.Mask) (roundrect_rratio 0.25)
      (net 5 GNDD))
    (pad 1 smd roundrect (at -0.875 0) (size 1.05 0.95) (layers BottomLayer B.Paste B.Mask) (roundrect_rratio 0.25)
      (net 6 +5VD))
    (model ${KISYS3DMOD}/Capacitor_SMD.3dshapes/C_0603_1608Metric.wrl
      (at (xyz 0 0 0))
      (scale (xyz 1 1 1))
      (rotate (xyz 0 0 0))
    )
  )

  (module Passives:C_0603_Handsolder (layer BottomLayer) (tedit 5B301BBE) (tstamp 5E0529C7)
    (at 73 120.1 180)
    (descr "Capacitor SMD 0603 (1608 Metric), square (rectangular) end terminal, IPC_7351 nominal with elongated pad for handsoldering. (Body size source: http://www.tortai-tech.com/upload/download/2011102023233369053.pdf), generated with kicad-footprint-generator")
    (tags "capacitor handsolder")
    (path /5F79C9D1/5F7A5056)
    (attr smd)
    (fp_text reference C301 (at 0 -1.2) (layer B.SilkS)
      (effects (font (size 0.6 0.6) (thickness 0.15)) (justify mirror))
    )
    (fp_text value C0603C104K5RACAUTO (at 0 -1.43) (layer B.Fab)
      (effects (font (size 1 1) (thickness 0.15)) (justify mirror))
    )
    (fp_line (start -0.8 -0.4) (end -0.8 0.4) (layer B.Fab) (width 0.15))
    (fp_line (start -0.8 0.4) (end 0.8 0.4) (layer B.Fab) (width 0.15))
    (fp_line (start 0.8 0.4) (end 0.8 -0.4) (layer B.Fab) (width 0.15))
    (fp_line (start 0.8 -0.4) (end -0.8 -0.4) (layer B.Fab) (width 0.15))
    (fp_line (start -0.171267 0.51) (end 0.171267 0.51) (layer B.SilkS) (width 0.12))
    (fp_line (start -0.171267 -0.51) (end 0.171267 -0.51) (layer B.SilkS) (width 0.12))
    (fp_line (start -1.65 -0.73) (end -1.65 0.73) (layer B.CrtYd) (width 0.05))
    (fp_line (start -1.65 0.73) (end 1.65 0.73) (layer B.CrtYd) (width 0.05))
    (fp_line (start 1.65 0.73) (end 1.65 -0.73) (layer B.CrtYd) (width 0.05))
    (fp_line (start 1.65 -0.73) (end -1.65 -0.73) (layer B.CrtYd) (width 0.05))
    (fp_text user %R (at 0 0) (layer B.Fab)
      (effects (font (size 1 1) (thickness 0.15)) (justify mirror))
    )
    (pad 1 smd roundrect (at -0.875 0 180) (size 1.05 0.95) (layers BottomLayer B.Paste B.Mask) (roundrect_rratio 0.25)
      (net 3 +5V))
    (pad 2 smd roundrect (at 0.875 0 180) (size 1.05 0.95) (layers BottomLayer B.Paste B.Mask) (roundrect_rratio 0.25)
      (net 4 GND))
    (model ${KISYS3DMOD}/Capacitor_SMD.3dshapes/C_0603_1608Metric.wrl
      (at (xyz 0 0 0))
      (scale (xyz 1 1 1))
      (rotate (xyz 0 0 0))
    )
  )

  (module Passives:C_0603_Handsolder (layer BottomLayer) (tedit 5B301BBE) (tstamp 5E0584CD)
    (at 44.3 120.1 180)
    (descr "Capacitor SMD 0603 (1608 Metric), square (rectangular) end terminal, IPC_7351 nominal with elongated pad for handsoldering. (Body size source: http://www.tortai-tech.com/upload/download/2011102023233369053.pdf), generated with kicad-footprint-generator")
    (tags "capacitor handsolder")
    (path /5F79C9D1/5F7AACA1)
    (attr smd)
    (fp_text reference C302 (at 0 -1.3) (layer B.SilkS)
      (effects (font (size 0.6 0.6) (thickness 0.15)) (justify mirror))
    )
    (fp_text value C0603C104K5RACAUTO (at 0 -1.43) (layer B.Fab)
      (effects (font (size 1 1) (thickness 0.15)) (justify mirror))
    )
    (fp_text user %R (at 0 0) (layer B.Fab)
      (effects (font (size 1 1) (thickness 0.15)) (justify mirror))
    )
    (fp_line (start 1.65 -0.73) (end -1.65 -0.73) (layer B.CrtYd) (width 0.05))
    (fp_line (start 1.65 0.73) (end 1.65 -0.73) (layer B.CrtYd) (width 0.05))
    (fp_line (start -1.65 0.73) (end 1.65 0.73) (layer B.CrtYd) (width 0.05))
    (fp_line (start -1.65 -0.73) (end -1.65 0.73) (layer B.CrtYd) (width 0.05))
    (fp_line (start -0.171267 -0.51) (end 0.171267 -0.51) (layer B.SilkS) (width 0.12))
    (fp_line (start -0.171267 0.51) (end 0.171267 0.51) (layer B.SilkS) (width 0.12))
    (fp_line (start 0.8 -0.4) (end -0.8 -0.4) (layer B.Fab) (width 0.15))
    (fp_line (start 0.8 0.4) (end 0.8 -0.4) (layer B.Fab) (width 0.15))
    (fp_line (start -0.8 0.4) (end 0.8 0.4) (layer B.Fab) (width 0.15))
    (fp_line (start -0.8 -0.4) (end -0.8 0.4) (layer B.Fab) (width 0.15))
    (pad 2 smd roundrect (at 0.875 0 180) (size 1.05 0.95) (layers BottomLayer B.Paste B.Mask) (roundrect_rratio 0.25)
      (net 4 GND))
    (pad 1 smd roundrect (at -0.875 0 180) (size 1.05 0.95) (layers BottomLayer B.Paste B.Mask) (roundrect_rratio 0.25)
      (net 3 +5V))
    (model ${KISYS3DMOD}/Capacitor_SMD.3dshapes/C_0603_1608Metric.wrl
      (at (xyz 0 0 0))
      (scale (xyz 1 1 1))
      (rotate (xyz 0 0 0))
    )
  )

  (module Passives:C_0603_Handsolder (layer BottomLayer) (tedit 5B301BBE) (tstamp 5E0529E9)
    (at 53.9 120.1 180)
    (descr "Capacitor SMD 0603 (1608 Metric), square (rectangular) end terminal, IPC_7351 nominal with elongated pad for handsoldering. (Body size source: http://www.tortai-tech.com/upload/download/2011102023233369053.pdf), generated with kicad-footprint-generator")
    (tags "capacitor handsolder")
    (path /5F79C9D1/5F7B8718)
    (attr smd)
    (fp_text reference C303 (at -0.075 -1.4) (layer B.SilkS)
      (effects (font (size 0.6 0.6) (thickness 0.15)) (justify mirror))
    )
    (fp_text value C0603C104K5RACAUTO (at 0 -1.43) (layer B.Fab)
      (effects (font (size 1 1) (thickness 0.15)) (justify mirror))
    )
    (fp_line (start -0.8 -0.4) (end -0.8 0.4) (layer B.Fab) (width 0.15))
    (fp_line (start -0.8 0.4) (end 0.8 0.4) (layer B.Fab) (width 0.15))
    (fp_line (start 0.8 0.4) (end 0.8 -0.4) (layer B.Fab) (width 0.15))
    (fp_line (start 0.8 -0.4) (end -0.8 -0.4) (layer B.Fab) (width 0.15))
    (fp_line (start -0.171267 0.51) (end 0.171267 0.51) (layer B.SilkS) (width 0.12))
    (fp_line (start -0.171267 -0.51) (end 0.171267 -0.51) (layer B.SilkS) (width 0.12))
    (fp_line (start -1.65 -0.73) (end -1.65 0.73) (layer B.CrtYd) (width 0.05))
    (fp_line (start -1.65 0.73) (end 1.65 0.73) (layer B.CrtYd) (width 0.05))
    (fp_line (start 1.65 0.73) (end 1.65 -0.73) (layer B.CrtYd) (width 0.05))
    (fp_line (start 1.65 -0.73) (end -1.65 -0.73) (layer B.CrtYd) (width 0.05))
    (fp_text user %R (at 0 0) (layer B.Fab)
      (effects (font (size 1 1) (thickness 0.15)) (justify mirror))
    )
    (pad 1 smd roundrect (at -0.875 0 180) (size 1.05 0.95) (layers BottomLayer B.Paste B.Mask) (roundrect_rratio 0.25)
      (net 3 +5V))
    (pad 2 smd roundrect (at 0.875 0 180) (size 1.05 0.95) (layers BottomLayer B.Paste B.Mask) (roundrect_rratio 0.25)
      (net 4 GND))
    (model ${KISYS3DMOD}/Capacitor_SMD.3dshapes/C_0603_1608Metric.wrl
      (at (xyz 0 0 0))
      (scale (xyz 1 1 1))
      (rotate (xyz 0 0 0))
    )
  )

  (module Passives:C_0603_Handsolder (layer BottomLayer) (tedit 5B301BBE) (tstamp 5E0529FA)
    (at 44.3 111 180)
    (descr "Capacitor SMD 0603 (1608 Metric), square (rectangular) end terminal, IPC_7351 nominal with elongated pad for handsoldering. (Body size source: http://www.tortai-tech.com/upload/download/2011102023233369053.pdf), generated with kicad-footprint-generator")
    (tags "capacitor handsolder")
    (path /5F79C9D1/5F7C20D8)
    (attr smd)
    (fp_text reference C304 (at 0.025 -1.3) (layer B.SilkS)
      (effects (font (size 0.6 0.6) (thickness 0.15)) (justify mirror))
    )
    (fp_text value C0603C104K5RACAUTO (at 0 -1.43) (layer B.Fab)
      (effects (font (size 1 1) (thickness 0.15)) (justify mirror))
    )
    (fp_text user %R (at 0 0) (layer B.Fab)
      (effects (font (size 1 1) (thickness 0.15)) (justify mirror))
    )
    (fp_line (start 1.65 -0.73) (end -1.65 -0.73) (layer B.CrtYd) (width 0.05))
    (fp_line (start 1.65 0.73) (end 1.65 -0.73) (layer B.CrtYd) (width 0.05))
    (fp_line (start -1.65 0.73) (end 1.65 0.73) (layer B.CrtYd) (width 0.05))
    (fp_line (start -1.65 -0.73) (end -1.65 0.73) (layer B.CrtYd) (width 0.05))
    (fp_line (start -0.171267 -0.51) (end 0.171267 -0.51) (layer B.SilkS) (width 0.12))
    (fp_line (start -0.171267 0.51) (end 0.171267 0.51) (layer B.SilkS) (width 0.12))
    (fp_line (start 0.8 -0.4) (end -0.8 -0.4) (layer B.Fab) (width 0.15))
    (fp_line (start 0.8 0.4) (end 0.8 -0.4) (layer B.Fab) (width 0.15))
    (fp_line (start -0.8 0.4) (end 0.8 0.4) (layer B.Fab) (width 0.15))
    (fp_line (start -0.8 -0.4) (end -0.8 0.4) (layer B.Fab) (width 0.15))
    (pad 2 smd roundrect (at 0.875 0 180) (size 1.05 0.95) (layers BottomLayer B.Paste B.Mask) (roundrect_rratio 0.25)
      (net 4 GND))
    (pad 1 smd roundrect (at -0.875 0 180) (size 1.05 0.95) (layers BottomLayer B.Paste B.Mask) (roundrect_rratio 0.25)
      (net 3 +5V))
    (model ${KISYS3DMOD}/Capacitor_SMD.3dshapes/C_0603_1608Metric.wrl
      (at (xyz 0 0 0))
      (scale (xyz 1 1 1))
      (rotate (xyz 0 0 0))
    )
  )

  (module Passives:C_0603_Handsolder (layer BottomLayer) (tedit 5B301BBE) (tstamp 5E052A0B)
    (at 63.5 120.1 180)
    (descr "Capacitor SMD 0603 (1608 Metric), square (rectangular) end terminal, IPC_7351 nominal with elongated pad for handsoldering. (Body size source: http://www.tortai-tech.com/upload/download/2011102023233369053.pdf), generated with kicad-footprint-generator")
    (tags "capacitor handsolder")
    (path /5F79C9D1/5F7C2132)
    (attr smd)
    (fp_text reference C305 (at 0 -1.3) (layer B.SilkS)
      (effects (font (size 0.6 0.6) (thickness 0.15)) (justify mirror))
    )
    (fp_text value C0603C104K5RACAUTO (at 0 -1.43) (layer B.Fab)
      (effects (font (size 1 1) (thickness 0.15)) (justify mirror))
    )
    (fp_line (start -0.8 -0.4) (end -0.8 0.4) (layer B.Fab) (width 0.15))
    (fp_line (start -0.8 0.4) (end 0.8 0.4) (layer B.Fab) (width 0.15))
    (fp_line (start 0.8 0.4) (end 0.8 -0.4) (layer B.Fab) (width 0.15))
    (fp_line (start 0.8 -0.4) (end -0.8 -0.4) (layer B.Fab) (width 0.15))
    (fp_line (start -0.171267 0.51) (end 0.171267 0.51) (layer B.SilkS) (width 0.12))
    (fp_line (start -0.171267 -0.51) (end 0.171267 -0.51) (layer B.SilkS) (width 0.12))
    (fp_line (start -1.65 -0.73) (end -1.65 0.73) (layer B.CrtYd) (width 0.05))
    (fp_line (start -1.65 0.73) (end 1.65 0.73) (layer B.CrtYd) (width 0.05))
    (fp_line (start 1.65 0.73) (end 1.65 -0.73) (layer B.CrtYd) (width 0.05))
    (fp_line (start 1.65 -0.73) (end -1.65 -0.73) (layer B.CrtYd) (width 0.05))
